c No hay dos fichas repetidas (3,3) o (3,3) .
-12 -27 0
-27 -12 0
12 27 0
c No hay dos fichas repetidas (3,2) o (2,3) .
-16 -67 0
-16 -611 0
-16 -712 0
-16 -1112 0
-16 -1116 0
-16 -1318 0
-67 -16 0
-67 -611 0
-67 -712 0
-67 -1112 0
-67 -1116 0
-67 -1318 0
-611 -16 0
-611 -67 0
-611 -712 0
-611 -1112 0
-611 -1116 0
-611 -1318 0
-712 -16 0
-712 -67 0
-712 -611 0
-712 -1112 0
-712 -1116 0
-712 -1318 0
-1112 -16 0
-1112 -67 0
-1112 -611 0
-1112 -712 0
-1112 -1116 0
-1112 -1318 0
-1116 -16 0
-1116 -67 0
-1116 -611 0
-1116 -712 0
-1116 -1112 0
-1116 -1318 0
-1318 -16 0
-1318 -67 0
-1318 -611 0
-1318 -712 0
-1318 -1112 0
-1318 -1116 0
16 67 611 712 1112 1116 1318 0
c No hay dos fichas repetidas (3,1) o (1,3) .
-23 -78 0
-23 -1718 0
-78 -23 0
-78 -1718 0
-1718 -23 0
-1718 -78 0
23 78 1718 0
c No hay dos fichas repetidas (1,1) o (1,1) .
-34 -38 0
-34 -49 0
-34 -89 0
-38 -34 0
-38 -49 0
-38 -89 0
-49 -34 0
-49 -38 0
-49 -89 0
-89 -34 0
-89 -38 0
-89 -49 0
34 38 49 89 0
c No hay dos fichas repetidas (1,2) o (2,1) .
-45 -813 0
-45 -1217 0
-45 -1617 0
-813 -45 0
-813 -1217 0
-813 -1617 0
-1217 -45 0
-1217 -813 0
-1217 -1617 0
-1617 -45 0
-1617 -813 0
-1617 -1217 0
45 813 1217 1617 0
c No hay dos fichas repetidas (2,0) o (0,2) .
-510 -1314 0
-1314 -510 0
510 1314 0
c No hay dos fichas repetidas (1,0) o (0,1) .
-910 -914 0
-914 -910 0
910 914 0
c No hay dos fichas repetidas (0,0) o (0,0) .
-1015 -1415 0
-1015 -1419 0
-1015 -1520 0
-1015 -1920 0
-1415 -1015 0
-1415 -1419 0
-1415 -1520 0
-1415 -1920 0
-1419 -1015 0
-1419 -1415 0
-1419 -1520 0
-1419 -1920 0
-1520 -1015 0
-1520 -1415 0
-1520 -1419 0
-1520 -1920 0
-1920 -1015 0
-1920 -1415 0
-1920 -1419 0
-1920 -1520 0
1015 1415 1419 1520 1920 0
c No hay dos fichas repetidas (2,2) o (2,2) .
1213 0
c No hay dos fichas repetidas (3,0) o (0,3) .
1819 0
c No hay solapamiento entre fichas. 
-12 -16 0
-12 -23 0
-12 -27 0
-16 -12 0
-16 -67 0
-16 -611 0
-23 -12 0
-23 -27 0
-23 -34 0
-23 -38 0
-27 -12 0
-27 -23 0
-27 -67 0
-27 -78 0
-27 -712 0
-34 -23 0
-34 -38 0
-34 -45 0
-34 -49 0
-38 -23 0
-38 -34 0
-38 -78 0
-38 -89 0
-38 -813 0
-45 -34 0
-45 -49 0
-45 -510 0
-49 -34 0
-49 -45 0
-49 -89 0
-49 -910 0
-49 -914 0
-67 -16 0
-67 -27 0
-67 -78 0
-67 -611 0
-67 -712 0
-78 -27 0
-78 -38 0
-78 -67 0
-78 -89 0
-78 -712 0
-78 -813 0
-89 -38 0
-89 -49 0
-89 -78 0
-89 -813 0
-89 -910 0
-89 -914 0
-510 -45 0
-510 -910 0
-510 -1015 0
-611 -16 0
-611 -67 0
-611 -1112 0
-611 -1116 0
-712 -27 0
-712 -67 0
-712 -78 0
-712 -1112 0
-712 -1213 0
-712 -1217 0
-813 -38 0
-813 -78 0
-813 -89 0
-813 -1213 0
-813 -1314 0
-813 -1318 0
-910 -49 0
-910 -89 0
-910 -510 0
-910 -914 0
-910 -1015 0
-914 -49 0
-914 -89 0
-914 -910 0
-914 -1314 0
-914 -1415 0
-914 -1419 0
-1015 -510 0
-1015 -910 0
-1015 -1415 0
-1015 -1520 0
-1112 -611 0
-1112 -712 0
-1112 -1116 0
-1112 -1213 0
-1112 -1217 0
-1116 -611 0
-1116 -1112 0
-1116 -1617 0
-1213 -712 0
-1213 -813 0
-1213 -1112 0
-1213 -1217 0
-1213 -1314 0
-1213 -1318 0
-1217 -712 0
-1217 -1112 0
-1217 -1213 0
-1217 -1617 0
-1217 -1718 0
-1314 -813 0
-1314 -914 0
-1314 -1213 0
-1314 -1318 0
-1314 -1415 0
-1314 -1419 0
-1318 -813 0
-1318 -1213 0
-1318 -1314 0
-1318 -1718 0
-1318 -1819 0
-1415 -914 0
-1415 -1015 0
-1415 -1314 0
-1415 -1419 0
-1415 -1520 0
-1419 -914 0
-1419 -1314 0
-1419 -1415 0
-1419 -1819 0
-1419 -1920 0
-1520 -1015 0
-1520 -1415 0
-1520 -1920 0
-1617 -1116 0
-1617 -1217 0
-1617 -1718 0
-1718 -1217 0
-1718 -1318 0
-1718 -1617 0
-1718 -1819 0
-1819 -1318 0
-1819 -1419 0
-1819 -1718 0
-1819 -1920 0
-1920 -1419 0
-1920 -1520 0
-1920 -1819 0
