21
9 3 19 11 4 11 10 11 0 4 4 9 19 8 1 17 2 4 3 5 10 16 
11 15 13 3 18 18 5 0 18 19 11 10 6 18 5 3 3 16 1 6 15 11 
14 14 20 9 13 15 3 18 3 14 15 8 9 1 5 19 1 7 8 6 7 3 
16 13 9 10 18 8 19 0 12 12 15 13 10 17 10 0 17 17 6 16 15 4 
9 8 4 12 18 14 8 4 18 18 12 5 10 18 10 13 2 20 4 17 11 3 
3 20 4 11 8 17 2 7 5 11 9 3 3 6 6 6 6 17 18 13 6 6 
2 11 5 18 15 1 16 13 0 20 2 13 13 16 20 11 19 2 4 1 19 9 
6 4 0 15 10 17 3 4 16 2 6 16 0 0 14 7 15 6 0 16 19 14 
16 5 9 17 13 20 1 12 12 13 18 10 7 17 20 19 2 14 14 1 5 10 
7 19 14 5 15 5 19 15 8 12 3 20 18 14 1 6 11 5 2 2 16 9 
7 16 0 12 13 12 8 17 13 6 3 12 4 14 8 7 1 6 2 11 20 19 
7 2 13 12 13 16 19 12 4 4 7 20 18 18 8 17 6 9 5 5 8 1 
7 4 20 20 19 20 15 17 17 1 14 4 13 10 7 17 0 11 11 1 9 1 
7 0 3 12 8 10 8 14 16 14 5 16 20 4 13 9 8 7 14 0 20 5 
20 12 18 16 19 3 18 10 9 4 12 4 19 6 7 9 2 15 0 9 1 1 
2 9 10 0 14 0 9 12 14 16 16 15 8 0 13 3 1 1 17 12 19 2 
1 10 16 18 10 16 9 15 13 7 13 17 8 11 20 12 14 10 14 19 18 4 
2 10 17 2 8 20 15 19 14 11 11 10 15 14 10 13 15 7 20 5 20 15 
9 1 2 12 3 16 15 19 5 8 0 3 9 12 12 5 14 2 0 0 17 19 
7 20 2 5 8 8 6 17 6 3 2 1 0 7 17 20 10 19 15 5 11 7 
12 11 17 5 13 7 6 9 6 7 4 2 8 18 1 11 18 11 15 0 3 16 
