30
29 28 29 28 28 27 29 27 28 27 27 26 29 26 28 26 27 26 26 25 29 25 28 25 27 25 26 25 25 24 29 
29 24 28 24 24 24 24 23 23 23 23 23 23 23 22 22 22 22 22 22 22 22 21 21 21 21 21 21 21 21 0 
21 20 20 27 26 25 24 29 28 27 26 25 24 23 29 28 27 26 25 24 23 22 29 28 27 26 25 24 23 22 12 
21 29 28 20 27 20 26 20 20 20 20 20 20 19 19 19 19 19 19 19 19 19 19 19 18 18 18 18 18 18 0 
18 18 18 18 18 18 17 25 24 23 22 21 20 29 28 27 26 25 24 23 22 21 20 19 29 28 27 26 25 24 11 
23 22 21 20 19 18 29 17 17 17 17 17 17 17 17 17 17 17 17 16 16 16 16 16 16 16 16 16 16 16 0 
16 16 16 15 15 15 15 28 27 26 25 24 23 22 21 20 19 18 17 29 28 27 26 25 24 23 22 21 20 19 10 
18 17 16 29 28 27 26 15 25 15 24 15 23 15 22 15 15 15 15 15 15 15 14 14 14 14 14 14 14 14 0 
14 14 14 14 14 14 14 14 13 13 13 13 13 13 13 21 20 19 18 17 16 15 29 28 27 26 25 24 23 22 9 
21 20 19 18 17 16 15 14 29 28 27 26 25 24 23 13 13 13 13 13 13 13 13 13 13 12 12 12 12 12 25 
12 12 12 12 12 12 12 12 12 12 12 12 12 11 11 22 21 20 19 18 17 16 15 14 13 29 28 27 26 11 0 
24 23 22 21 20 19 18 17 16 15 14 13 12 29 28 11 26 11 25 11 24 11 23 11 22 11 21 11 20 27 8 
11 11 11 11 11 11 11 11 11 10 10 10 10 10 10 10 10 10 10 10 10 10 10 10 10 10 10 10 10 9 0 
19 18 17 16 15 14 13 12 11 29 28 27 26 25 24 23 22 21 20 19 18 17 16 15 14 13 12 11 10 29 7 
9 9 9 9 9 9 9 9 9 9 9 9 9 9 9 9 9 9 9 9 8 8 8 8 8 8 8 8 8 8 0 
28 27 26 25 24 23 22 21 20 19 18 17 16 15 14 13 12 11 10 9 29 28 27 26 25 24 23 22 21 20 6 
8 8 8 8 8 8 8 8 8 8 8 8 7 7 7 7 7 7 7 7 7 7 7 7 7 7 7 7 7 7 0 
19 18 17 16 15 14 13 12 11 10 9 8 29 28 27 26 25 24 23 22 21 20 19 18 17 16 15 14 13 12 5 
7 7 7 7 7 6 6 6 27 6 26 6 25 6 24 6 23 6 22 6 21 6 20 6 19 6 18 6 17 6 16 
11 10 9 8 7 29 28 6 6 6 6 6 6 6 6 6 6 5 5 5 5 5 5 5 5 5 5 5 5 5 0 
5 5 5 5 13 5 12 15 14 13 12 11 10 9 8 7 6 29 28 27 26 25 24 23 22 21 20 19 18 17 4 
16 15 14 5 5 5 5 5 5 5 4 4 4 4 4 4 4 4 4 4 4 4 4 4 4 4 4 4 4 4 0 
4 4 4 11 10 9 8 7 6 5 29 28 27 26 25 24 23 22 21 20 19 18 17 16 15 14 13 12 11 10 3 
9 8 7 4 4 4 3 3 3 3 3 3 3 3 3 3 3 3 3 3 3 3 3 3 3 3 3 3 3 3 0 
3 3 3 6 5 4 29 28 27 26 25 24 23 22 21 20 19 18 17 16 15 14 13 12 11 10 9 8 7 6 2 
5 4 3 2 2 2 2 2 2 2 2 2 2 2 2 2 2 2 2 2 2 2 2 2 2 2 2 2 2 2 0 
2 1 1 29 28 27 26 25 24 23 22 21 20 19 18 17 16 15 14 13 12 11 10 9 8 7 6 5 4 3 1 
2 29 28 1 1 1 1 1 1 1 1 1 1 1 1 1 1 1 1 1 1 1 1 1 1 1 1 1 1 1 0 
0 0 28 27 26 25 24 23 22 21 20 19 18 17 16 15 14 13 12 11 10 9 8 7 6 5 4 3 2 1 0 
29 0 27 0 26 0 25 0 24 0 23 0 22 0 21 0 20 0 19 0 18 0 17 0 16 0 15 0 14 0 13 
