50
49 48 48 48 47 49 47 48 47 47 46 49 46 48 46 47 46 45 45 45 45 45 44 44 44 44 44 44 43 43 48 43 47 43 46 43 45 43 44 43 43 42 49 42 48 42 47 42 46 42 45 
49 49 42 44 42 43 42 42 41 49 41 48 41 41 46 41 46 49 48 47 46 45 49 48 47 46 45 44 49 41 41 41 41 40 40 40 40 40 40 40 40 40 40 39 39 39 39 39 39 39 0 
39 39 39 39 38 38 38 38 38 38 38 38 47 38 41 45 38 38 38 37 37 37 37 37 37 37 37 37 37 44 43 42 41 49 48 47 46 45 44 43 42 41 40 49 48 47 46 45 44 43 20 
42 41 40 39 49 48 47 46 45 44 43 42 37 39 37 38 40 39 38 49 48 47 46 45 44 43 42 41 40 37 37 36 49 36 48 36 47 36 36 45 36 36 43 36 42 36 41 36 40 36 39 
36 36 37 36 36 35 49 35 35 35 35 35 35 35 35 35 35 35 35 35 35 34 34 34 34 34 34 34 34 34 34 34 34 34 34 34 34 46 33 49 44 33 33 33 33 33 33 33 33 33 0 
38 33 33 33 33 33 35 48 47 46 45 44 43 42 41 40 39 38 37 36 35 49 48 47 46 45 44 43 42 41 40 39 38 37 36 35 34 33 34 33 33 48 47 46 45 44 43 42 41 40 19 
32 39 38 37 36 32 32 32 32 32 32 32 32 32 32 32 32 32 32 32 32 32 31 31 31 31 31 31 44 31 31 31 31 31 39 31 38 31 31 36 31 35 31 31 33 31 32 31 31 30 49 
49 30 48 30 47 48 47 46 45 44 43 42 41 40 39 38 37 36 35 34 33 32 49 48 47 46 45 30 30 43 42 41 40 30 30 30 30 37 30 40 30 39 34 30 30 30 30 30 30 30 0 
30 30 29 29 29 29 29 29 29 29 29 29 40 29 39 29 38 29 37 29 36 29 35 29 34 29 33 46 45 29 32 29 31 44 43 42 41 29 30 29 28 28 48 38 37 36 35 34 33 32 18 
31 30 49 48 47 46 45 44 43 42 41 28 28 28 28 28 28 28 28 28 28 28 28 28 28 28 33 28 32 28 28 28 28 27 27 27 47 27 27 29 49 27 27 27 27 27 27 27 27 27 0 
27 27 27 27 27 27 27 27 27 26 26 47 46 45 44 43 42 41 40 39 38 37 36 35 34 26 26 46 26 31 30 29 28 49 48 26 26 46 45 26 42 44 43 42 41 40 39 38 37 36 17 
35 34 33 32 31 30 29 28 27 49 48 26 26 26 26 26 26 26 26 26 26 26 26 26 26 47 26 26 45 25 49 25 48 25 47 44 43 25 25 25 25 25 25 25 25 25 25 25 25 25 0 
25 25 25 25 25 25 25 25 25 24 24 41 40 39 38 37 36 35 34 33 32 31 30 29 28 24 27 26 24 46 24 45 24 44 24 43 24 46 45 44 43 42 41 40 39 38 37 36 35 34 16 
33 32 31 30 29 28 27 26 25 49 48 24 41 24 40 24 39 24 38 24 37 24 36 24 35 47 24 24 24 24 24 24 24 24 24 26 42 24 24 23 23 23 23 23 23 23 23 23 23 23 0 
23 23 23 23 23 23 23 23 23 23 23 23 23 23 23 23 22 22 22 22 22 22 22 43 22 42 34 33 32 31 30 29 28 27 22 41 22 25 24 49 48 47 46 45 44 43 42 41 40 39 15 
38 37 36 35 34 33 32 31 30 29 28 27 26 25 24 23 49 48 47 46 45 44 22 22 22 22 22 22 22 22 22 22 30 22 22 22 40 22 22 22 22 22 21 21 21 21 21 21 21 21 0 
21 21 21 21 21 21 21 21 21 21 21 21 21 21 21 21 21 21 21 21 21 20 39 38 37 36 35 34 33 32 31 20 48 29 28 27 20 26 25 24 23 22 49 48 47 46 45 44 43 42 14 
41 40 39 38 37 36 35 34 33 32 31 30 29 28 27 26 25 24 23 22 21 49 20 46 20 45 20 20 20 20 20 20 20 20 20 20 47 20 34 20 33 20 32 20 20 20 29 20 28 20 0 
20 20 20 20 20 20 20 19 19 19 19 19 19 19 19 19 19 19 19 19 19 19 19 19 33 19 44 43 42 41 40 39 38 37 36 35 19 31 19 30 19 29 19 31 30 19 19 26 19 27 13 
26 25 24 23 22 21 20 49 48 47 46 45 44 43 42 41 40 39 38 37 36 35 34 19 19 32 19 19 19 19 18 18 18 18 18 18 18 18 18 18 18 18 28 18 37 27 18 18 25 18 34 
18 18 18 18 18 18 18 18 18 18 18 18 18 18 18 18 17 17 17 17 17 17 17 24 23 17 22 21 20 19 49 48 47 46 45 44 43 42 41 40 39 38 17 41 17 40 36 35 17 39 0 
33 32 31 30 29 28 27 26 25 24 23 22 21 20 19 18 49 48 47 46 45 44 43 17 17 42 17 36 17 17 17 17 17 17 17 17 17 17 17 17 17 17 17 17 17 17 17 16 16 16 12 
16 46 16 16 44 16 43 16 42 16 41 16 40 16 39 16 38 16 37 16 36 16 35 38 37 16 34 16 35 34 33 32 31 30 29 28 27 26 25 24 23 22 21 20 19 18 17 49 48 47 0 
16 32 45 16 16 30 16 29 16 28 16 27 16 26 16 25 16 24 16 23 16 22 16 21 16 20 16 33 16 18 16 17 16 16 15 49 15 48 15 47 15 15 15 15 15 15 15 15 15 15 11 
15 15 15 31 15 15 15 15 15 15 15 15 15 15 15 15 15 15 15 15 15 15 15 14 14 14 19 14 14 14 14 14 14 14 14 14 14 14 14 14 46 45 44 43 42 41 40 39 38 37 0 
36 35 34 14 33 32 31 30 29 28 27 26 25 24 23 22 21 20 19 18 17 16 15 49 48 47 14 46 45 44 43 42 41 40 39 38 37 36 35 34 14 14 14 14 14 14 14 14 14 14 10 
14 14 14 33 14 14 14 14 14 13 13 13 13 13 13 13 13 13 13 13 13 13 13 13 13 13 32 13 13 13 13 13 13 13 13 13 13 13 13 13 31 30 29 28 27 26 25 24 23 22 0 
21 20 19 13 18 17 16 15 14 49 48 47 46 45 44 43 42 41 40 39 38 37 36 35 34 33 13 32 31 30 29 28 27 26 25 24 23 22 21 20 13 13 13 13 13 12 12 12 12 12 9 
12 12 12 19 12 12 12 12 12 12 12 35 12 34 12 33 12 32 12 12 12 12 12 12 12 25 18 12 24 12 23 12 12 12 12 12 12 12 12 12 17 16 15 14 13 49 48 47 46 45 0 
44 43 42 12 41 40 39 38 37 36 12 11 49 11 48 11 47 11 31 30 29 28 27 26 11 11 44 11 43 11 42 22 21 20 19 18 17 16 15 14 11 11 11 11 11 11 11 11 11 11 8 
11 11 11 13 11 28 11 27 11 26 12 11 11 11 11 11 21 46 11 20 11 19 11 18 45 11 11 11 11 11 11 11 10 10 10 10 10 10 10 10 41 40 39 38 37 36 35 34 33 32 0 
31 30 29 10 10 10 39 10 38 10 37 25 24 23 22 10 10 10 34 10 33 10 32 10 31 17 16 15 14 13 12 11 49 48 47 46 45 44 43 42 10 10 10 10 10 10 10 10 10 10 7 
10 10 10 41 40 10 17 10 16 10 10 10 10 10 10 36 35 9 49 9 48 9 9 9 9 9 9 9 9 9 9 9 9 9 9 9 9 9 9 9 30 29 28 27 26 25 24 23 22 21 0 
20 19 18 9 28 9 27 9 26 15 14 13 12 11 10 9 9 24 9 23 9 47 46 45 44 43 42 41 40 39 38 37 36 35 34 33 32 31 30 29 9 9 9 9 9 9 9 9 9 9 6 
9 9 9 8 8 8 8 8 8 8 8 8 8 8 8 25 8 8 8 8 22 8 8 8 8 8 8 8 8 8 8 8 8 8 8 8 8 8 8 8 21 20 19 18 17 16 15 14 13 12 0 
11 10 9 49 48 47 46 45 44 43 42 41 40 39 38 8 37 36 35 34 8 33 32 31 30 29 28 27 26 25 24 23 22 21 20 19 18 17 16 15 8 12 8 11 8 10 8 9 8 8 5 
7 7 7 7 7 7 7 7 7 7 7 7 7 7 7 14 7 34 7 7 13 7 7 7 7 7 7 7 7 7 7 7 7 7 7 7 17 7 16 7 15 7 14 7 13 7 12 7 11 7 10 
49 48 47 46 45 44 43 42 41 40 39 38 37 36 35 7 9 7 33 32 7 31 30 29 28 27 26 25 24 23 22 21 20 19 18 6 6 48 6 47 6 6 6 6 6 6 6 6 6 6 0 
6 6 6 6 6 6 6 6 6 6 6 6 6 6 6 6 6 8 6 6 7 6 6 6 6 6 6 6 6 6 6 6 6 5 5 49 5 5 5 5 46 45 44 43 42 41 40 39 38 37 4 
36 35 34 33 32 31 30 29 28 27 26 25 24 23 22 21 20 5 19 18 5 17 16 15 14 13 12 11 10 9 8 7 6 49 48 5 47 46 45 44 5 5 5 5 5 5 5 5 5 5 0 
5 5 5 5 5 5 5 5 5 5 5 5 5 5 5 5 5 43 5 13 42 5 5 5 5 5 5 5 5 4 4 4 4 4 4 41 4 4 4 41 40 39 38 37 36 35 34 33 32 31 3 
30 29 28 27 26 25 24 23 22 21 20 19 18 17 16 15 14 4 40 4 39 12 11 10 9 8 7 6 5 49 48 47 46 45 44 4 43 42 4 4 4 4 4 4 32 4 31 4 4 4 0 
4 4 4 4 4 23 4 22 4 21 4 20 4 19 4 18 4 17 4 16 4 15 4 14 4 13 4 12 4 11 4 10 4 9 4 38 4 7 37 36 35 34 33 4 4 5 4 30 29 28 2 
27 26 25 24 3 3 3 3 3 3 3 3 3 3 3 3 3 3 3 3 3 3 3 3 3 3 3 3 3 3 3 3 3 3 8 3 19 3 18 3 17 3 16 6 3 3 4 3 13 3 12 
3 3 3 3 49 48 47 46 45 44 43 42 41 40 39 38 37 36 35 34 33 32 31 30 29 28 27 26 25 24 23 22 21 20 3 7 3 6 3 5 3 4 3 3 15 14 2 49 2 48 0 
11 10 9 8 2 2 2 2 2 2 2 2 2 2 2 2 2 2 2 2 2 2 2 2 2 2 2 2 2 2 2 2 2 2 2 2 2 2 2 2 2 2 2 2 2 2 2 2 2 2 1 
1 1 1 1 47 46 45 44 43 42 41 40 39 38 37 36 35 34 33 32 31 30 29 28 27 26 25 24 23 22 21 20 19 18 17 16 15 14 13 12 11 10 9 8 7 6 5 4 3 2 0 
49 48 47 46 1 1 1 1 1 1 1 1 1 1 1 1 1 1 1 1 1 1 1 1 1 1 1 1 1 1 1 1 1 1 1 1 1 1 1 1 1 1 1 1 1 1 1 1 1 1 0 
0 49 0 48 45 44 43 42 41 40 39 38 37 36 35 34 33 32 31 30 29 28 27 26 25 24 23 22 21 20 19 18 17 16 15 14 13 12 11 10 9 8 7 6 5 4 3 2 0 0 46 
0 45 0 44 0 43 0 42 0 41 0 40 0 39 0 38 0 37 0 36 0 35 0 34 0 33 0 32 0 31 0 30 0 29 0 28 0 27 0 26 0 25 0 24 0 23 0 22 47 0 21 
