70
69 68 69 68 68 67 69 67 68 67 67 66 69 66 68 66 67 66 66 65 69 65 68 65 67 65 66 65 65 64 69 64 68 64 67 64 66 64 65 64 64 63 69 63 68 63 67 63 66 63 65 63 64 63 63 62 69 62 68 62 62 62 62 62 63 62 62 61 69 61 0 
69 61 61 61 61 61 61 61 60 60 60 60 60 60 60 60 60 60 59 59 59 59 59 59 59 59 59 59 59 58 58 58 58 58 58 58 58 58 58 58 58 57 57 57 57 57 57 57 63 57 62 57 61 57 60 57 59 57 58 67 66 65 64 57 56 56 56 56 56 68 32 
56 67 66 65 64 63 62 61 69 68 67 66 65 64 63 62 61 60 69 68 67 66 65 64 63 62 61 60 59 69 68 67 66 65 64 63 62 61 60 59 58 69 68 67 66 65 64 56 56 56 56 56 56 56 56 55 55 55 55 55 55 55 55 57 69 68 67 66 65 55 0 
64 55 55 55 55 55 55 54 54 54 54 54 54 54 54 54 54 54 54 54 54 54 54 53 53 53 53 53 53 53 53 53 53 53 53 53 53 53 53 53 52 52 52 52 52 52 64 63 62 61 60 59 58 57 56 69 68 67 66 65 64 63 62 52 52 52 52 52 52 61 31 
52 60 59 58 57 56 55 69 68 67 66 65 64 63 62 61 60 59 58 57 56 55 54 69 68 67 66 65 64 63 62 61 60 59 58 57 56 55 54 53 69 68 67 66 65 52 52 52 52 52 51 51 51 51 51 51 51 51 51 51 51 51 51 63 62 61 60 59 58 51 0 
57 51 51 51 51 51 50 50 50 50 50 50 50 50 50 50 50 50 50 50 50 50 54 50 53 50 52 50 51 50 50 49 69 49 68 49 67 49 66 49 65 49 64 49 63 56 55 54 53 52 69 68 67 66 65 64 63 62 61 60 59 58 57 49 62 49 61 49 60 56 30 
49 55 54 53 52 51 69 68 67 66 65 64 63 62 61 60 59 58 57 56 55 49 49 49 49 49 49 49 49 49 49 48 48 48 48 48 48 48 48 48 48 48 48 48 48 48 48 48 48 48 48 48 48 47 47 47 47 47 47 47 47 47 47 47 47 47 47 47 47 47 0 
59 47 47 47 47 47 47 46 46 46 46 46 46 46 46 46 46 46 46 46 46 58 57 56 55 54 53 52 51 50 49 69 68 67 66 65 64 63 62 61 60 59 58 57 56 55 54 53 52 51 50 49 48 69 68 67 66 65 64 63 62 61 60 59 58 57 56 55 54 53 29 
46 52 51 50 49 48 47 69 68 67 66 65 64 63 62 61 60 59 58 57 56 46 46 46 46 46 46 46 46 46 45 45 45 45 45 45 45 45 45 45 45 45 45 57 45 56 45 55 45 54 45 45 45 45 45 49 45 45 47 45 46 45 45 44 69 44 68 44 67 44 66 
55 44 65 44 64 44 63 44 62 44 61 44 60 44 59 44 58 44 57 44 56 54 53 52 51 50 49 48 47 46 69 68 67 66 65 64 63 62 61 60 59 58 44 55 44 54 44 53 44 52 53 52 51 50 44 51 48 44 44 44 44 44 44 44 43 43 43 43 43 43 0 
43 43 43 43 43 43 43 43 43 43 43 43 43 43 43 43 43 43 43 43 43 42 42 42 42 42 42 42 42 42 42 42 42 42 42 42 42 42 42 42 42 42 42 42 47 42 46 42 45 42 44 42 43 42 42 41 69 50 49 48 47 46 45 44 69 68 67 66 65 64 28 
63 62 61 60 59 58 57 56 55 54 53 52 51 50 49 48 47 46 45 44 43 69 68 67 66 65 64 63 62 61 60 59 58 57 56 55 54 53 52 51 50 49 48 41 41 41 41 41 41 41 41 41 41 41 41 41 41 41 41 41 41 41 41 41 41 41 41 41 41 41 0 
41 40 40 40 40 40 40 40 40 40 40 40 40 40 40 40 40 40 40 40 40 40 40 40 40 40 40 40 40 40 40 39 39 39 39 39 39 39 39 39 39 39 39 68 67 66 65 64 63 62 61 60 59 58 57 56 55 54 53 52 51 50 49 48 47 46 45 44 43 42 27 
41 69 68 67 66 65 64 63 62 61 60 59 58 57 56 55 54 53 52 51 50 49 48 47 46 45 44 43 42 41 40 69 68 67 66 65 64 63 62 61 60 59 58 39 39 39 39 39 39 39 39 39 39 39 39 39 39 39 39 39 39 39 38 38 38 38 38 38 38 38 0 
38 38 38 38 38 38 38 38 38 38 38 38 38 38 38 38 38 38 38 38 38 38 38 38 37 37 37 37 37 37 37 37 37 37 37 37 37 37 37 37 37 37 37 57 56 55 54 53 52 51 50 49 48 47 46 45 44 43 42 41 40 39 69 68 67 66 65 64 63 62 26 
61 60 59 58 57 56 55 54 53 52 51 50 49 48 47 46 45 44 43 42 41 40 39 38 69 68 67 66 65 64 63 62 61 60 59 58 57 56 55 54 53 52 51 37 37 37 37 37 37 37 37 37 37 37 37 37 37 36 36 36 36 36 36 36 36 36 36 36 36 36 0 
36 36 36 36 36 36 36 36 49 36 48 36 47 36 46 36 45 36 44 36 36 36 36 40 36 36 36 37 36 35 35 68 35 67 35 66 35 35 35 63 35 62 35 50 49 48 47 46 45 44 43 42 41 40 39 38 37 69 68 67 66 65 64 63 62 61 60 59 58 57 25 
56 55 54 53 52 51 50 35 35 59 35 58 35 57 35 56 35 35 54 43 42 41 35 53 39 38 35 52 36 69 35 51 35 50 35 49 65 64 35 48 35 47 61 35 46 35 45 35 44 35 43 35 42 35 41 35 40 35 39 35 38 35 37 35 36 35 35 34 69 34 68 
34 34 34 34 64 34 63 60 34 62 34 61 34 60 34 59 55 34 34 34 34 34 34 34 34 34 34 34 34 34 34 34 34 34 34 34 34 34 34 34 34 34 33 33 33 33 33 33 33 33 33 33 33 33 33 33 33 33 33 33 33 33 33 33 33 33 33 33 33 33 0 
67 66 65 33 33 33 33 33 33 33 33 33 32 32 32 32 32 58 57 56 55 54 53 52 51 50 49 48 47 46 45 44 43 42 41 40 39 38 37 36 35 34 69 68 67 66 65 64 63 62 61 60 59 58 57 56 55 54 53 52 51 50 49 48 47 46 45 44 43 42 24 
32 32 32 41 40 39 38 37 36 35 34 33 69 68 67 66 65 32 32 32 32 32 32 32 32 32 32 32 32 32 32 32 32 32 32 32 32 32 32 32 32 32 32 32 32 32 32 31 31 31 31 31 31 31 31 31 31 31 31 31 31 31 31 31 31 31 31 31 31 31 0 
64 63 62 31 31 31 31 31 31 31 31 31 31 31 31 31 31 61 60 59 58 57 56 55 54 53 52 51 50 49 48 47 46 45 44 43 42 41 40 39 38 37 36 35 34 33 32 69 68 67 66 65 64 63 62 61 60 59 58 57 56 55 54 53 52 51 50 49 48 47 23 
31 31 30 46 45 44 43 42 41 40 39 38 37 36 35 34 33 30 30 30 30 30 30 30 30 30 30 30 30 30 30 30 30 30 30 30 30 30 30 30 30 30 30 30 30 30 30 30 30 30 30 30 30 30 30 30 29 29 29 29 29 29 29 29 29 29 29 29 29 29 0 
32 31 69 29 29 29 29 29 29 29 29 29 29 29 29 29 29 68 67 66 65 64 63 62 61 60 59 58 57 56 55 54 53 52 51 50 49 48 47 46 45 44 43 42 41 40 39 38 37 36 35 34 33 32 31 30 69 68 67 66 65 64 63 62 61 60 59 58 57 56 22 
29 29 29 55 54 53 52 51 50 49 48 47 46 45 44 43 42 29 29 29 29 29 29 29 29 29 29 28 28 28 28 28 28 28 28 28 28 28 28 28 28 28 28 28 28 28 28 28 28 28 28 28 28 28 28 28 28 28 28 28 28 28 28 28 28 28 28 28 28 27 0 
41 40 39 27 27 27 27 27 27 27 27 27 27 27 27 27 27 38 37 36 35 34 33 32 31 30 29 69 68 67 66 65 64 63 62 61 60 59 58 57 56 55 54 53 52 51 50 49 48 47 46 45 44 43 42 41 40 39 38 37 36 35 34 33 32 31 30 29 28 69 21 
27 27 27 68 67 66 65 64 63 62 61 60 59 58 57 56 55 27 27 27 27 27 27 27 27 27 27 27 27 27 27 27 27 27 27 27 27 27 27 27 27 27 26 26 26 26 26 26 26 26 26 26 26 26 26 26 26 26 26 26 26 26 26 26 26 26 26 26 26 26 0 
54 53 52 26 26 26 26 26 26 26 26 26 26 26 26 26 26 51 50 49 48 47 46 45 44 43 42 41 40 39 38 37 36 35 34 33 32 31 30 29 28 27 69 68 67 66 65 64 63 62 61 60 59 58 57 56 55 54 53 52 51 50 49 48 47 46 45 44 43 42 20 
26 26 26 41 40 39 38 37 36 35 34 33 32 31 30 29 28 25 25 25 25 25 25 25 25 25 25 25 25 25 25 25 25 25 25 25 25 25 25 25 25 25 25 25 25 25 25 25 25 25 25 25 25 25 25 25 25 25 25 25 25 25 24 24 24 24 24 24 24 24 0 
27 24 24 24 24 24 24 24 24 24 24 24 24 24 24 24 24 69 68 67 66 65 64 63 62 61 60 59 58 57 56 55 54 53 52 51 50 49 48 47 46 45 44 43 42 41 40 39 38 37 36 35 34 33 32 31 30 29 28 27 26 25 69 68 67 66 65 64 63 62 19 
24 61 60 59 58 57 56 55 54 53 52 51 50 49 48 47 46 24 24 24 24 24 24 24 24 24 24 24 24 24 24 24 24 24 24 24 24 24 23 23 23 23 23 23 23 23 23 23 23 23 23 23 56 23 55 23 54 23 53 23 52 23 51 23 50 23 49 23 48 23 47 
45 23 46 23 45 23 44 23 43 23 42 23 41 23 40 23 39 44 43 42 41 40 39 38 37 36 35 34 33 32 31 30 29 28 27 26 25 24 69 68 67 66 65 64 63 62 61 60 59 58 57 23 23 23 23 23 23 23 23 23 23 23 23 23 23 23 23 22 22 22 0 
22 22 22 22 22 22 22 22 22 22 22 22 22 22 22 22 22 22 22 22 22 22 22 22 22 22 41 22 40 22 39 22 38 22 37 22 36 22 35 22 34 22 33 22 32 22 31 22 30 22 29 38 37 36 35 34 33 32 31 30 29 28 27 26 25 24 23 69 68 67 18 
66 65 64 63 62 61 60 59 58 57 56 55 54 53 52 51 50 49 48 47 46 45 44 43 42 22 22 22 22 22 22 22 21 21 21 21 21 21 21 21 21 21 21 21 21 21 21 21 21 21 21 21 21 21 21 21 21 21 21 21 21 21 21 21 21 21 21 21 21 21 0 
21 21 21 21 21 21 21 21 21 21 21 20 20 20 20 20 20 20 20 20 20 20 20 20 20 28 27 26 25 24 23 22 69 68 67 66 65 64 63 62 61 60 59 58 57 56 55 54 53 52 51 50 49 48 47 46 45 44 43 42 41 40 39 38 37 36 35 34 33 32 17 
31 30 29 28 27 26 25 24 23 22 21 69 68 67 66 65 64 63 62 61 60 59 58 57 56 20 20 20 20 20 20 20 20 20 20 20 20 20 20 20 20 20 20 20 20 20 20 20 20 20 20 20 20 20 20 20 20 20 20 20 20 19 19 19 19 19 19 19 19 19 0 
19 19 19 19 19 19 19 19 19 19 19 19 19 19 19 19 19 19 19 19 19 19 19 19 19 55 54 53 52 51 50 49 48 47 46 45 44 43 42 41 40 39 38 37 36 35 34 33 32 31 30 29 28 27 26 25 24 23 22 21 20 69 68 67 66 65 64 63 62 61 16 
60 59 58 57 56 55 54 53 52 51 50 49 48 47 46 45 44 43 42 41 40 39 38 37 36 19 19 19 19 19 19 19 19 19 19 19 19 19 19 19 19 19 18 18 18 18 18 18 18 18 18 18 18 18 18 18 18 18 18 18 18 18 18 18 18 18 18 18 18 18 0 
18 18 18 18 18 18 18 18 18 18 18 18 18 18 18 18 18 18 18 18 18 18 18 18 17 35 34 33 32 31 30 29 28 27 26 25 24 23 22 21 20 19 69 68 67 66 65 64 63 62 61 60 59 58 57 56 55 54 53 52 51 50 49 48 47 46 45 44 43 42 15 
41 40 39 38 37 36 35 34 33 32 31 30 29 28 27 26 25 24 23 22 21 20 19 18 69 17 17 17 17 17 17 17 17 17 17 17 17 17 17 17 17 17 17 17 17 17 17 17 17 17 17 17 17 17 17 17 17 17 17 17 17 17 17 17 17 17 17 17 17 17 0 
17 17 17 17 17 17 17 16 16 16 16 16 16 16 16 16 16 16 16 16 16 16 16 16 16 68 67 66 65 64 63 62 61 60 59 58 57 56 55 54 53 52 51 50 49 48 47 46 45 44 43 42 41 40 39 38 37 36 35 34 33 32 31 30 29 28 27 26 25 24 14 
23 22 21 20 19 18 17 69 68 67 66 65 64 63 62 61 60 59 58 57 56 55 54 53 52 16 16 16 16 16 16 16 16 16 16 16 16 16 16 16 16 16 16 16 16 16 16 16 16 16 16 16 16 16 16 16 16 16 16 16 16 15 15 15 15 15 15 15 15 15 0 
15 15 15 15 15 15 15 15 15 15 15 15 15 15 15 15 15 15 15 15 15 15 15 15 15 51 50 49 48 47 46 45 44 43 42 41 40 39 38 37 36 35 34 33 32 31 30 29 28 27 26 25 24 23 22 21 20 19 18 17 16 69 68 67 66 65 64 63 62 61 13 
60 59 58 57 56 55 54 53 52 51 50 49 48 47 46 45 44 43 42 41 40 39 38 37 36 15 15 15 15 15 15 15 15 15 15 15 15 15 15 15 15 15 15 15 15 15 14 14 14 14 14 14 14 14 14 14 14 14 14 14 14 14 14 14 14 14 14 14 14 14 0 
14 14 14 14 14 14 14 14 14 14 14 14 14 14 14 14 14 14 14 14 14 14 14 14 14 35 34 33 32 31 30 29 28 27 26 25 24 23 22 21 20 19 18 17 16 15 69 68 67 66 65 64 63 62 61 60 59 58 57 56 55 54 53 52 51 50 49 48 47 46 12 
45 44 43 42 41 40 39 38 37 36 35 34 33 32 31 30 29 28 27 26 25 24 23 22 21 14 14 14 14 14 14 14 13 13 13 13 13 13 13 13 13 13 13 13 13 13 13 13 13 13 13 13 13 13 13 13 13 13 13 13 13 13 13 13 13 13 13 13 13 13 0 
13 13 13 13 13 13 13 13 13 13 13 13 13 13 13 13 13 13 13 12 12 12 12 12 12 20 19 18 17 16 15 14 69 68 67 66 65 64 63 62 61 60 59 58 57 56 55 54 53 52 51 50 49 48 47 46 45 44 43 42 41 40 39 38 37 36 35 34 33 32 11 
31 30 29 28 27 26 25 24 23 22 21 20 19 18 17 16 15 14 13 69 68 67 66 65 64 12 12 12 12 12 12 12 12 12 12 12 12 12 12 12 12 12 12 12 12 12 12 12 12 12 12 12 12 12 12 12 12 12 12 12 12 12 12 12 12 12 12 12 12 12 0 
12 12 12 12 12 12 12 11 11 11 11 11 11 11 11 11 11 11 11 11 11 11 11 11 11 63 62 61 60 59 58 57 56 55 54 53 52 51 50 49 48 47 46 45 44 43 42 41 40 39 38 37 36 35 34 33 32 31 30 29 28 27 26 25 24 23 22 21 20 19 10 
18 17 16 15 14 13 12 69 68 67 66 65 64 63 62 61 60 59 58 57 56 55 54 53 52 11 11 11 11 11 11 11 11 11 11 11 11 11 11 11 11 11 11 11 11 11 11 11 11 11 11 11 11 11 11 11 11 11 11 11 11 11 11 11 11 11 10 10 10 10 0 
10 10 10 10 10 10 10 10 10 10 10 10 10 10 10 10 10 10 10 10 10 10 10 10 10 51 50 49 48 47 46 45 44 43 42 41 40 39 38 37 36 35 34 33 32 31 30 29 28 27 26 25 24 23 22 21 20 19 18 17 16 15 14 13 12 11 69 68 67 66 9 
65 64 63 62 61 60 59 58 57 56 55 54 53 52 51 50 49 48 47 46 45 44 43 42 41 10 10 10 10 10 10 10 10 10 10 10 10 10 10 10 10 10 10 10 10 10 10 10 10 10 10 10 10 10 10 10 9 9 9 9 9 9 9 9 9 9 9 9 9 9 0 
9 9 9 9 9 9 9 9 9 9 9 9 9 9 9 9 9 9 9 9 9 9 9 9 9 40 39 38 37 36 35 34 33 32 31 30 29 28 27 26 25 24 23 22 21 20 19 18 17 16 15 14 13 12 11 10 69 68 67 66 65 64 63 62 61 60 59 58 57 56 8 
55 54 53 52 51 50 49 48 47 46 45 44 43 42 41 40 39 38 37 36 35 34 33 32 31 9 9 9 9 9 9 9 9 9 9 9 9 9 9 9 9 9 9 9 9 9 9 8 8 8 8 8 8 8 8 8 8 8 8 8 8 8 8 8 8 8 8 8 8 8 0 
8 8 8 8 8 8 8 8 8 8 8 8 8 8 8 8 8 8 8 8 8 8 8 8 8 30 29 28 27 26 25 24 23 22 21 20 19 18 17 16 15 14 13 12 11 10 9 69 68 67 66 65 64 63 62 61 60 59 58 57 56 55 54 53 52 51 50 49 48 47 7 
46 45 44 43 42 41 40 39 38 37 36 35 34 33 32 31 30 29 28 27 26 25 24 23 22 8 8 8 8 8 8 8 8 8 8 8 8 8 8 7 7 7 7 7 7 7 7 7 7 7 7 7 7 7 7 7 7 7 7 7 7 7 7 7 7 7 7 7 7 7 0 
7 7 7 7 7 7 7 7 7 7 7 7 7 7 7 7 7 7 7 7 7 7 7 7 7 21 20 19 18 17 16 15 14 13 12 11 10 9 8 69 68 67 66 65 64 63 62 61 60 59 58 57 56 55 54 53 52 51 50 49 48 47 46 45 44 43 42 41 40 39 6 
38 37 36 35 34 33 32 31 30 29 28 27 26 25 24 23 22 21 20 19 18 17 16 15 14 7 7 7 7 7 7 7 6 6 6 6 6 6 6 6 6 6 6 6 6 6 6 6 6 6 6 6 6 6 6 6 6 6 6 6 6 6 6 6 6 6 6 6 6 6 0 
6 6 6 6 6 6 6 6 6 6 6 6 6 6 6 6 6 6 6 6 6 6 6 6 6 13 12 11 10 9 8 7 69 68 67 66 65 64 63 62 61 60 59 58 57 56 55 54 53 52 51 50 49 48 47 46 45 44 43 42 41 40 39 38 37 36 35 34 33 32 5 
31 30 29 28 27 26 25 24 23 22 21 20 19 18 17 16 15 14 13 12 11 10 9 8 7 6 5 5 5 5 5 5 5 5 5 5 5 5 5 5 5 5 5 5 5 5 5 5 5 5 5 5 5 5 5 5 5 5 5 5 5 5 5 5 5 5 5 5 5 5 0 
5 5 5 5 22 5 21 5 20 5 19 5 18 5 17 5 16 5 15 5 14 5 13 5 12 6 69 68 67 66 65 64 63 62 61 60 59 58 57 56 55 54 53 52 51 50 49 48 47 46 45 44 43 42 41 40 39 38 37 36 35 34 33 32 31 30 29 28 27 26 4 
25 24 23 5 5 5 5 5 5 5 4 4 4 4 4 4 4 4 4 4 4 4 4 4 4 4 4 4 4 4 4 4 4 4 4 4 4 4 4 4 4 4 4 4 4 4 4 4 4 4 4 4 4 4 4 4 4 4 4 4 4 4 4 4 4 4 4 4 4 4 0 
4 4 4 11 10 9 8 7 6 5 69 68 67 66 65 64 63 62 61 60 59 58 57 56 55 54 53 52 51 50 49 48 47 46 45 44 43 42 41 40 39 38 37 36 35 34 33 32 31 30 29 28 27 26 25 24 23 22 21 20 19 18 17 16 15 14 13 12 11 10 3 
9 8 7 4 4 4 3 3 3 3 3 3 3 3 3 3 3 3 3 3 3 3 3 3 3 3 3 3 3 3 3 3 3 3 3 3 3 3 3 3 3 3 3 3 3 3 3 3 3 3 3 3 3 3 3 3 3 3 3 3 3 3 3 3 3 3 3 3 3 3 0 
3 3 3 6 5 4 69 68 67 66 65 64 63 62 61 60 59 58 57 56 55 54 53 52 51 50 49 48 47 46 45 44 43 42 41 40 39 38 37 36 35 34 33 32 31 30 29 28 27 26 25 24 23 22 21 20 19 18 17 16 15 14 13 12 11 10 9 8 7 6 2 
5 4 3 2 2 2 2 2 2 2 2 2 2 2 2 2 2 2 2 2 2 2 2 2 2 2 2 2 2 2 2 2 2 2 2 2 2 2 2 2 2 2 2 2 2 2 2 2 2 2 2 2 2 2 2 2 2 2 2 2 2 2 2 2 2 2 2 2 2 2 0 
2 1 1 69 68 67 66 65 64 63 62 61 60 59 58 57 56 55 54 53 52 51 50 49 48 47 46 45 44 43 42 41 40 39 38 37 36 35 34 33 32 31 30 29 28 27 26 25 24 23 22 21 20 19 18 17 16 15 14 13 12 11 10 9 8 7 6 5 4 3 1 
2 69 68 1 1 1 1 1 1 1 1 1 1 1 1 1 1 1 1 1 1 1 1 1 1 1 1 1 1 1 1 1 1 1 1 1 1 1 1 1 1 1 1 1 1 1 1 1 1 1 1 1 1 1 1 1 1 1 1 1 1 1 1 1 1 1 1 1 1 1 0 
0 0 68 67 66 65 64 63 62 61 60 59 58 57 56 55 54 53 52 51 50 49 48 47 46 45 44 43 42 41 40 39 38 37 36 35 34 33 32 31 30 29 28 27 26 25 24 23 22 21 20 19 18 17 16 15 14 13 12 11 10 9 8 7 6 5 4 3 2 1 0 
69 0 67 0 66 0 65 0 64 0 63 0 62 0 61 0 60 0 59 0 58 0 57 0 56 0 55 0 54 0 53 0 52 0 51 0 50 0 49 0 48 0 47 0 46 0 45 0 44 0 43 0 42 0 41 0 40 0 39 0 38 0 37 0 36 0 35 0 34 0 33 
